i=5.566600
i2=4.444000
j=4
k=5
5	!
